73 35 45.890499148068
73.5 35 45.501569543167
74 35 45.261185399908
74.5 35 44.490958451808
75 35 43.510558055273
75.5 35 42.298365021849
76 35 41.033895173739
76.5 35 42.283698585107
77 35 41.7363233237
77.5 35 41.688459582112
78 35 42.891897835823
78.5 35 43.201297858664
79 35 43.231639660896
79.5 35 42.445295253594
80 35 40.653461056337
80.5 35 37.616817138935
81 35 34.27319916881
81.5 35 28.459981998696
82 35 17.424639029812
82.5 35 25.220659480288
83 35 22.028435507566
83.5 35 21.356122597911
84 35 15.016668702068
84.5 35 26.261125380593
85 35 34.49175780289
85.5 35 36.26945022885
86 35 41.637218576383
86.5 35 49.115059279233
87 35 52.961508806352
87.5 35 54.266868554394
88 35 57.409597597578
88.5 35 60.12871690265
89 35 57.94101912011
89.5 35 50.685229451623
90 35 44.332993806022
90.5 35 40.517111155729
91 35 38.330359453443
91.5 35 34.637827403286
92 35 29.831487079048
92.5 35 28.283759556329
93 35 30.773703613234
93.5 35 32.582927794857
94 35 31.815901088406
94.5 35 33.212085980921
95 35 35.29824290032
73 35.5 46.265919198172
73.5 35.5 46.336352186666
74 35.5 47.392599153214
74.5 35.5 47.364209439797
75 35.5 44.881305037438
75.5 35.5 41.881119305871
76 35.5 38.045850253908
76.5 35.5 37.925840961481
77 35.5 38.930955112537
77.5 35.5 39.072074192928
78 35.5 38.968924885114
78.5 35.5 39.800948714364
79 35.5 41.128383187038
79.5 35.5 40.350650475097
80 35.5 38.069252049909
80.5 35.5 35.652065180283
81 35.5 33.823461819655
81.5 35.5 29.174561913547
82 35.5 17.897331662613
82.5 35.5 26.931709586783
83 35.5 30.388292495775
83.5 35.5 23.588599892228
84 35.5 4.8534801838178
84.5 35.5 14.462702290645
85 35.5 28.014752546143
85.5 35.5 26.092421746708
86 35.5 25.3454365738
86.5 35.5 35.033374159346
87 35.5 42.98565143425
87.5 35.5 44.629316097049
88 35.5 48.487509966239
88.5 35.5 52.333725651213
89 35.5 53.804052138662
89.5 35.5 51.400550391313
90 35.5 44.406483988063
90.5 35.5 39.072902848005
91 35.5 35.783547737988
91.5 35.5 31.728455040539
92 35.5 21.930092662137
92.5 35.5 17.191038408272
93 35.5 25.975780883107
93.5 35.5 34.308867925034
94 35.5 35.682042045603
94.5 35.5 38.264976328063
95 35.5 39.411429889349
73 36 45.39316853462
73.5 36 45.492873456301
74 36 46.134917341821
74.5 36 45.571415037859
75 36 43.182001247722
75.5 36 40.606799230778
76 36 38.161116444749
76.5 36 38.142668236541
77 36 38.109644062322
77.5 36 36.889493023296
78 36 37.662748363671
78.5 36 40.66501640541
79 36 41.712802720395
79.5 36 38.911684751213
80 36 35.492836747812
80.5 36 35.064619630488
81 36 37.009183162998
81.5 36 35.908944946242
82 36 33.528829654746
82.5 36 38.793088801568
83 36 30.213591898731
83.5 36 24.808393300867
84 36 26.950368017973
84.5 36 31.476067800918
85 36 37.311533588095
85.5 36 35.208290669438
86 36 31.462718932135
86.5 36 34.588910190957
87 36 38.641643087443
87.5 36 39.216061031212
88 36 42.704981619522
88.5 36 45.824884710071
89 36 48.385571375084
89.5 36 49.966538794762
90 36 46.435623592796
90.5 36 42.815222639907
91 36 38.932086721233
91.5 36 35.954807235608
92 36 20.401493827251
92.5 36 10.752328239343
93 36 25.241664958126
93.5 36 35.537087823166
94 36 38.650391151787
94.5 36 40.275323340409
95 36 39.021572932852
73 36.5 43.994504097184
73.5 36.5 43.892426454487
74 36.5 42.829314474513
74.5 36.5 41.187402981208
75 36.5 40.646057538363
75.5 36.5 39.667670816095
76 36.5 36.215691354782
76.5 36.5 34.803394284591
77 36.5 34.770331511767
77.5 36.5 34.351476745303
78 36.5 34.529393589944
78.5 36.5 36.740489241181
79 36.5 38.601775386327
79.5 36.5 37.203276151238
80 36.5 36.004352575301
80.5 36.5 37.993909986604
81 36.5 40.004504775856
81.5 36.5 40.112957817318
82 36.5 41.098799148676
82.5 36.5 41.337843457866
83 36.5 25.294196873979
83.5 36.5 22.832174235732
84 36.5 26.543086259347
84.5 36.5 38.362134826081
85 36.5 40.578417879118
85.5 36.5 38.021855906831
86 36.5 37.951548140819
86.5 36.5 38.835787858031
87 36.5 34.913395057996
87.5 36.5 24.742981942435
88 36.5 25.878977672066
88.5 36.5 38.79266978863
89 36.5 42.988315044741
89.5 36.5 45.502786801837
90 36.5 48.971202916504
90.5 36.5 49.329135201724
91 36.5 45.746326511739
91.5 36.5 41.460635150145
92 36.5 33.446279050293
92.5 36.5 28.568053311582
93 36.5 32.247937136966
93.5 36.5 35.690139067815
94 36.5 36.557723023142
94.5 36.5 38.22484654253
95 36.5 37.790134353793
73 37 43.124199272607
73.5 37 42.737906747595
74 37 41.61101776621
74.5 37 39.718032877832
75 37 38.42346543243
75.5 37 38.301927739965
76 37 37.563464253989
76.5 37 33.833471546315
77 37 32.186343007044
77.5 37 32.127856699104
78 37 33.439133780451
78.5 37 36.503859499964
79 37 39.282803455653
79.5 37 38.795901254085
80 37 38.528317085524
80.5 37 40.920253081011
81 37 42.41044302558
81.5 37 42.681439291441
82 37 42.331801980529
82.5 37 42.734046796967
83 37 39.175617949503
83.5 37 23.112038833074
84 37 34.898294345466
84.5 37 42.10815381149
85 37 30.802380122796
85.5 37 23.836838408777
86 37 32.592132026719
86.5 37 41.594425269122
87 37 40.746688287191
87.5 37 36.851070544249
88 37 36.312005694898
88.5 37 38.155766256673
89 37 42.506513573498
89.5 37 44.893032615422
90 37 49.649339360157
90.5 37 52.798944264764
91 37 52.816347001761
91.5 37 50.740304949905
92 37 48.33755703834
92.5 37 45.770389027489
93 37 44.243142098869
93.5 37 44.555295058372
94 37 44.520229797007
94.5 37 44.735821544946
95 37 46.903838316543
73 37.5 42.554898555229
73.5 37.5 42.280988922894
74 37.5 42.464381814652
74.5 37.5 41.744274796606
75 37.5 40.003718578086
75.5 37.5 40.299000686336
76 37.5 40.260277713826
76.5 37.5 38.232785559653
77 37.5 36.225477531193
77.5 37.5 36.001238253607
78 37.5 37.399703837035
78.5 37.5 39.718597826535
79 37.5 42.471558653969
79.5 37.5 42.235661212986
80 37.5 41.962019416449
80.5 37.5 43.432821075022
81 37.5 43.412511944963
81.5 37.5 43.955422221996
82 37.5 39.336679449346
82.5 37.5 3.5702840452916
83 37.5 4.3062570169854
83.5 37.5 5.9705801498454
84 37.5 17.727489629242
84.5 37.5 37.619996960284
85 37.5 29.948143988682
85.5 37.5 28.455329878413
86 37.5 40.317900005858
86.5 37.5 44.460957397288
87 37.5 44.839563848904
87.5 37.5 42.185905557105
88 37.5 40.225526363615
88.5 37.5 40.321681283409
89 37.5 40.396255375069
89.5 37.5 42.454541096564
90 37.5 44.962521121906
90.5 37.5 47.502439704791
91 37.5 48.134891236918
91.5 37.5 49.267460808111
92 37.5 50.228763506877
92.5 37.5 50.36617337354
93 37.5 51.337540779156
93.5 37.5 54.398134430938
94 37.5 57.343638674618
94.5 37.5 57.894723698644
95 37.5 61.047057965832
73 38 41.858308238818
73.5 38 41.486677509075
74 38 41.793755677025
74.5 38 41.535122899235
75 38 40.351286609198
75.5 38 41.26491942619
76 38 43.222765409322
76.5 38 42.058888656177
77 38 42.066593515395
77.5 38 42.040990653294
78 38 41.977736851477
78.5 38 45.087494391653
79 38 48.384629547038
79.5 38 48.84670943462
80 38 47.740067245606
80.5 38 47.393031851769
81 38 47.403911985999
81.5 38 48.226257697525
82 38 44.054296531338
82.5 38 13.296659135944
83 38 24.563177723795
83.5 38 28.272404104751
84 38 12.053555766371
84.5 38 30.436374409861
85 38 32.815413146677
85.5 38 21.521805912826
86 38 29.182872710664
86.5 38 45.483418452615
87 38 45.383508108479
87.5 38 42.384125491416
88 38 40.473357153119
88.5 38 41.052684359628
89 38 43.199250280726
89.5 38 43.323161993127
90 38 44.885198756314
90.5 38 45.235623004285
91 38 45.638373136819
91.5 38 46.011894161936
92 38 46.874805063562
92.5 38 49.00293609937
93 38 51.40904063181
93.5 38 54.39057918376
94 38 59.420516195537
94.5 38 62.286176817327
95 38 65.032761429135
73 38.5 41.299725330619
73.5 38.5 40.555224283189
74 38.5 39.581246936969
74.5 38.5 39.53462844063
75 38.5 41.077956527978
75.5 38.5 44.258804974932
76 38.5 46.586480600827
76.5 38.5 48.029376585109
77 38.5 48.143285839805
77.5 38.5 48.978853587477
78 38.5 49.088134706546
78.5 38.5 50.935931906626
79 38.5 54.933232807069
79.5 38.5 55.841354375596
80 38.5 53.758282257638
80.5 38.5 53.234901999648
81 38.5 53.6353405698
81.5 38.5 52.368275561579
82 38.5 50.41349982397
82.5 38.5 45.630078624435
83 38.5 34.325980651359
83.5 38.5 41.718342205244
84 38.5 34.915853479077
84.5 38.5 20.294249141529
85 38.5 21.593739888531
85.5 38.5 11.996397773466
86 38.5 12.025294951229
86.5 38.5 34.02110498679
87 38.5 44.205043072789
87.5 38.5 41.951076824706
88 38.5 40.41150059495
88.5 38.5 42.192736747205
89 38.5 44.24762946288
89.5 38.5 44.315332086034
90 38.5 44.971747943031
90.5 38.5 45.142125306194
91 38.5 47.599126619175
91.5 38.5 49.091156369223
92 38.5 48.823342511218
92.5 38.5 50.108067503172
93 38.5 51.971651594406
93.5 38.5 52.346671716227
94 38.5 53.514744401819
94.5 38.5 52.374455945372
95 38.5 51.228871707655
73 39 40.404876574259
73.5 39 39.440722472743
74 39 38.392522452543
74.5 39 38.531213138431
75 39 41.500251222547
75.5 39 45.915546212733
76 39 48.226324058735
76.5 39 49.604680410053
77 39 49.766014801947
77.5 39 52.210760563218
78 39 52.689693994007
78.5 39 54.625963556056
79 39 60.11388295477
79.5 39 64.153574142437
80 39 65.878854977585
80.5 39 68.76569188594
81 39 71.850747853966
81.5 39 72.271617424196
82 39 70.153760807374
82.5 39 63.404261201413
83 39 51.036933248986
83.5 39 44.903170810587
84 39 42.368952625891
84.5 39 12.371410639226
85 39 0.48543119659502
85.5 39 1.609423394266
86 39 0.37811542349109
86.5 39 8.5801036522818
87 39 19.542150992208
87.5 39 17.85726721556
88 39 20.042875911914
88.5 39 38.009238912323
89 39 42.348277442217
89.5 39 43.809010782228
90 39 46.111849342436
90.5 39 46.585710892144
91 39 49.248353654227
91.5 39 52.005120196472
92 39 52.469675757256
92.5 39 53.743718293237
93 39 55.87938418114
93.5 39 55.386149123167
94 39 53.4119404472
94.5 39 50.472038861565
95 39 46.653331677342
73 39.5 40.524834203978
73.5 39.5 39.674914762748
74 39.5 38.624291429449
74.5 39.5 38.565780222141
75 39.5 40.982483276356
75.5 39.5 44.164300429165
76 39.5 48.055426508664
76.5 39.5 48.827137317226
77 39.5 50.813435159433
77.5 39.5 51.623935871602
78 39.5 51.731379979254
78.5 39.5 53.662581742898
79 39.5 57.423926277582
79.5 39.5 61.121680027512
80 39.5 64.293188830442
80.5 39.5 68.872303088102
81 39.5 75.593539638633
81.5 39.5 82.368698582742
82 39.5 85.026530656698
82.5 39.5 80.168342292058
83 39.5 71.792803667046
83.5 39.5 60.876147841813
84 39.5 48.938290851423
84.5 39.5 35.581999071338
85 39.5 29.541228022931
85.5 39.5 14.987768345345
86 39.5 1.6120424970403
86.5 39.5 12.481650464254
87 39.5 31.189268528041
87.5 39.5 30.504419754328
88 39.5 33.26494623414
88.5 39.5 42.875670998402
89 39.5 46.431160236616
89.5 39.5 49.05172072245
90 39.5 49.950157743573
90.5 39.5 50.021756409179
91 39.5 51.864683510627
91.5 39.5 54.919526828203
92 39.5 55.083030515572
92.5 39.5 55.112718889285
93 39.5 57.371231417383
93.5 39.5 56.571634817288
94 39.5 53.233945348751
94.5 39.5 48.391117209441
95 39.5 42.930287347571
73 40 41.556024487656
73.5 40 41.065606958395
74 40 40.442124946498
74.5 40 40.046834250739
75 40 40.880654810482
75.5 40 43.279404795965
76 40 45.509123891593
76.5 40 45.515452587036
77 40 47.958411602916
77.5 40 48.210662355712
78 40 48.03480486432
78.5 40 48.236274180738
79 40 50.141435962244
79.5 40 51.421246412425
80 40 52.877179328866
80.5 40 56.142252581855
81 40 59.843874947669
81.5 40 63.984820378674
82 40 69.452865863206
82.5 40 68.895868029444
83 40 68.738136164745
83.5 40 64.926533582457
84 40 57.713139323448
84.5 40 51.594355590542
85 40 46.115631496973
85.5 40 40.086498845588
86 40 36.615480602246
86.5 40 41.595225523203
87 40 46.794601322896
87.5 40 46.147187477598
88 40 48.12045141724
88.5 40 50.610903322419
89 40 53.3499590124
89.5 40 53.55515232515
90 40 53.427667419573
90.5 40 53.109004744799
91 40 53.540332903598
91.5 40 54.413822654138
92 40 54.071003774031
92.5 40 53.800112122162
93 40 54.204516215577
93.5 40 53.361093909064
94 40 50.443604917441
94.5 40 47.724857108879
95 40 45.080128283621
73 40.5 42.508305146439
73.5 40.5 43.067676857374
74 40.5 43.544435760179
74.5 40.5 43.610886751205
75 40.5 44.062746916788
75.5 40.5 45.854803932214
76 40.5 45.654780588803
76.5 40.5 45.461621928281
77 40.5 47.743052723131
77.5 40.5 45.820417633271
78 40.5 45.359411708661
78.5 40.5 45.358268315625
79 40.5 45.451223866908
79.5 40.5 45.392001136467
80 40.5 46.376623478842
80.5 40.5 49.000579334326
81 40.5 51.357020065464
81.5 40.5 53.912020780748
82 40.5 56.540750212868
82.5 40.5 56.370831732475
83 40.5 56.072049194172
83.5 40.5 53.473450481964
84 40.5 51.139891032477
84.5 40.5 48.576544817401
85 40.5 46.848560915476
85.5 40.5 49.439413290973
86 40.5 55.322795017486
86.5 40.5 58.372343850505
87 40.5 56.489816909011
87.5 40.5 54.976117526024
88 40.5 54.972050817317
88.5 40.5 54.8329302132
89 40.5 54.678092675129
89.5 40.5 54.007682895501
90 40.5 51.238322342339
90.5 40.5 50.659961193852
91 40.5 52.33817099848
91.5 40.5 52.815413377675
92 40.5 51.377062082793
92.5 40.5 49.994969013074
93 40.5 49.213892310598
93.5 40.5 46.97926593272
94 40.5 44.452087413749
94.5 40.5 42.295388517666
95 40.5 42.297290842992
73 41 43.598071834255
73.5 41 44.766856882883
74 41 46.726913595528
74.5 41 47.809410012874
75 41 47.221523673866
75.5 41 47.132272352279
76 41 46.198558325581
76.5 41 44.742970972778
77 41 46.106680126585
77.5 41 44.819589113562
78 41 44.385105303313
78.5 41 44.320503380427
79 41 44.865852773934
79.5 41 45.125144942112
80 41 46.082885096181
80.5 41 49.285597406951
81 41 51.865928937448
81.5 41 52.068493056219
82 41 53.617975298338
82.5 41 53.491863020353
83 41 51.632478934073
83.5 41 49.056578389628
84 41 47.924831269033
84.5 41 46.531014528331
85 41 44.916536543361
85.5 41 46.206590344895
86 41 50.499686273827
86.5 41 53.929549273883
87 41 55.587223576483
87.5 41 57.561576760764
88 41 58.678612676769
88.5 41 59.784371229467
89 41 60.542767444561
89.5 41 56.670390933604
90 41 54.417553332206
90.5 41 53.154181452255
91 41 52.959533811654
91.5 41 51.398313654039
92 41 49.33029571817
92.5 41 47.611529326496
93 41 45.92600406885
93.5 41 45.344017040654
94 41 42.873450364916
94.5 41 40.693641717689
95 41 39.800408152734
73 41.5 43.6610940255
73.5 41.5 44.869735636201
74 41.5 46.263137924235
74.5 41.5 45.380206636033
75 41.5 42.14140318793
75.5 41.5 41.017049544653
76 41.5 40.028269686568
76.5 41.5 40.015023368784
77 41.5 40.065354944326
77.5 41.5 40.073124885594
78 41.5 41.013005567846
78.5 41.5 42.195837851877
79 41.5 44.328513416107
79.5 41.5 45.332181956852
80 41.5 46.191480608668
80.5 41.5 50.116962871314
81 41.5 54.04373063731
81.5 41.5 54.294320909679
82 41.5 55.733631906623
82.5 41.5 55.625947798394
83 41.5 54.039032185999
83.5 41.5 52.725842080298
84 41.5 50.060808857687
84.5 41.5 49.403703204321
85 41.5 49.50202884125
85.5 41.5 49.396674956669
86 41.5 50.074263619357
86.5 41.5 50.201048748426
87 41.5 49.014578283243
87.5 41.5 49.2138124308
88 41.5 50.70106968017
88.5 41.5 53.584178487719
89 41.5 56.656987451761
89.5 41.5 60.195481202995
90 41.5 62.386776624645
90.5 41.5 60.157894644856
91 41.5 59.129286336236
91.5 41.5 57.191062751859
92 41.5 55.012837598049
92.5 41.5 53.822275962386
93 41.5 52.441561329363
93.5 41.5 50.535950217845
94 41.5 48.154492637892
94.5 41.5 47.079812149844
95 41.5 46.103848229593
73 42 43.658443508095
73.5 42 43.310465408998
74 42 43.787506862351
74.5 42 41.805827142496
75 42 37.82899873253
75.5 42 36.436170434848
76 42 37.906623041027
76.5 42 37.799303915701
77 42 34.880320135947
77.5 42 35.952859995501
78 42 37.926583132226
78.5 42 39.962988416434
79 42 43.473116486441
79.5 42 45.187098105565
80 42 46.163215173951
80.5 42 49.292651897001
81 42 51.650956989344
81.5 42 52.144161558053
82 42 54.698481460723
82.5 42 54.610254973708
83 42 53.974393058076
83.5 42 51.79476598125
84 42 51.008182188451
84.5 42 52.541020782804
85 42 53.274448153601
85.5 42 51.996730197441
86 42 49.824005630374
86.5 42 48.204489971676
87 42 47.664924401136
87.5 42 47.646041738821
88 42 48.004846946524
88.5 42 50.650947021829
89 42 53.533536620731
89.5 42 59.702959819358
90 42 63.793773627521
90.5 42 63.636950257036
91 42 61.159593940692
91.5 42 59.54509309768
92 42 60.570024036902
92.5 42 61.373922550787
93 42 58.689998135357
93.5 42 55.604913570541
94 42 53.239103267014
94.5 42 53.645954366039
95 42 56.168415435132
73 42.5 44.20175568986
73.5 42.5 43.329975446817
74 42.5 41.926906052217
74.5 42.5 40.342067042443
75 42.5 40.118291897655
75.5 42.5 40.558259956094
76 42.5 42.605089214734
76.5 42.5 40.330296589477
77 42.5 36.279316928976
77.5 42.5 35.907245263487
78 42.5 36.060651132923
78.5 42.5 37.746921168062
79 42.5 39.963197916735
79.5 42.5 42.005814879551
80 42.5 43.888703101028
80.5 42.5 46.241247159351
81 42.5 47.937352063419
81.5 42.5 48.272255539241
82 42.5 50.697204900372
82.5 42.5 50.780655633756
83 42.5 50.901032473681
83.5 42.5 50.904806003664
84 42.5 53.117937470823
84.5 42.5 53.974853805177
85 42.5 54.231152094433
85.5 42.5 52.507954566536
86 42.5 49.322848814301
86.5 42.5 47.865093055732
87 42.5 48.147791885092
87.5 42.5 48.482008254869
88 42.5 51.244709280327
88.5 42.5 54.189671937897
89 42.5 60.150030209335
89.5 42.5 63.377278216476
90 42.5 60.987514445648
90.5 42.5 55.751045638143
91 42.5 52.356852204452
91.5 42.5 51.418196163165
92 42.5 53.226239348974
92.5 42.5 54.908901783188
93 42.5 53.444669289683
93.5 42.5 50.305243536519
94 42.5 47.43564146303
94.5 42.5 45.394657728926
95 42.5 47.722149231841
73 43 44.523431417805
73.5 43 43.392457544922
74 43 41.943279951876
74.5 43 41.570194275954
75 43 42.778359453832
75.5 43 43.277907601144
76 43 45.296877829647
76.5 43 43.487884308324
77 43 41.231067867384
77.5 43 39.014647557662
78 43 38.60006991204
78.5 43 39.706800581734
79 43 40.650454744778
79.5 43 41.893425479768
80 43 42.683619026023
80.5 43 43.308978220577
81 43 44.535850396996
81.5 43 44.497031984652
82 43 44.695935913619
82.5 43 46.578244909257
83 43 48.605374345411
83.5 43 48.690401188316
84 43 50.880021111889
84.5 43 52.083898243531
85 43 52.289385654838
85.5 43 51.032169431673
86 43 48.849114226866
86.5 43 49.292972670174
87 43 51.810887802092
87.5 43 52.231438140617
88 43 55.475815588699
88.5 43 60.538836838125
89 43 60.558593362653
89.5 43 59.71673821994
90 43 53.692528398543
90.5 43 47.568930853962
91 43 46.432946713862
91.5 43 47.366596840639
92 43 48.821831026598
92.5 43 50.536255653136
93 43 50.180339053106
93.5 43 46.991017139019
94 43 42.786433597498
94.5 43 40.14958726518
95 43 40.120334319221
73 43.5 44.606165122775
73.5 43.5 43.599619874179
74 43.5 42.231668102237
74.5 43.5 41.475334778387
75 43.5 42.86301321218
75.5 43.5 43.59864896117
76 43.5 45.513131425346
76.5 43.5 45.424785689253
77 43.5 43.123284383743
77.5 43.5 40.795315968867
78 43.5 40.333476983096
78.5 43.5 40.330081917321
79 43.5 40.979419161514
79.5 43.5 42.154672597673
80 43.5 42.697827561498
80.5 43.5 42.592704377606
81 43.5 42.533909250279
81.5 43.5 42.162342495882
82 43.5 40.943653268764
82.5 43.5 39.935367528894
83 43.5 39.828305416278
83.5 43.5 38.911094082835
84 43.5 40.585791498718
84.5 43.5 43.953034639086
85 43.5 45.143460013578
85.5 43.5 45.741091955228
86 43.5 47.267678785394
86.5 43.5 49.005719717441
87 43.5 52.754104320156
87.5 43.5 54.943387083111
88 43.5 57.383150532465
88.5 43.5 58.668629694902
89 43.5 58.595575977995
89.5 43.5 57.054280870056
90 43.5 49.480613605914
90.5 43.5 44.491345893854
91 43.5 44.445695680599
91.5 43.5 45.88203277051
92 43.5 46.465217896231
92.5 43.5 47.143165818063
93 43.5 47.675955768574
93.5 43.5 46.035173755915
94 43.5 43.422733154799
94.5 43.5 40.316975790089
95 43.5 39.211234928182
73 44 41.812231137956
73.5 44 41.980188370196
74 44 40.352908229778
74.5 44 29.448232239278
75 44 18.017728209273
75.5 44 41.518037048269
76 44 43.396792884323
76.5 44 43.253039081094
77 44 41.078972654926
77.5 44 38.88816842324
78 44 38.508824853148
78.5 44 38.494099217088
79 44 39.379157137026
79.5 44 41.451675825455
80 44 43.478369834134
80.5 44 45.380749290611
81 44 47.002049055013
81.5 44 46.312489185468
82 44 43.717171651312
82.5 44 41.389594842175
83 44 39.565741032811
83.5 44 37.545731652507
84 44 37.505068227492
84.5 44 41.163959681078
85 44 43.985627650387
85.5 44 44.971878034235
86 44 47.212353617893
86.5 44 38.189506568495
87 44 28.357768242757
87.5 44 55.005427304901
88 44 57.039728624745
88.5 44 57.105821909666
89 44 59.562736165067
89.5 44 59.771158057711
90 44 53.974815959835
90.5 44 50.118813389728
91 44 47.844892692864
91.5 44 47.190033701115
92 44 47.277726172738
92.5 44 47.273667623256
93 44 46.645731863474
93.5 44 44.238863459172
94 44 40.178404395161
94.5 44 36.781503337417
95 44 36.277216560846
73 44.5 38.911322465985
73.5 44.5 40.114671219174
74 44.5 40.196088488103
74.5 44.5 36.248187125571
75 44.5 35.735914372432
75.5 44.5 38.702579392771
76 44.5 40.295518663111
76.5 44.5 40.2138088122
77 44.5 38.25597045825
77.5 44.5 36.398803316134
78 44.5 36.284969571844
78.5 44.5 36.358434104663
79 44.5 37.387227831969
79.5 44.5 40.513504615448
80 44.5 44.029195017715
80.5 44.5 48.381845740263
81 44.5 54.804135612901
81.5 44.5 56.695785922929
82 44.5 53.696749435423
82.5 44.5 51.171193245453
83 44.5 48.469410517087
83.5 44.5 46.121552891232
84 44.5 45.74844068037
84.5 44.5 47.485018848592
85 44.5 49.891389391424
85.5 44.5 50.628130832942
86 44.5 51.213152693519
86.5 44.5 48.285021696891
87 44.5 48.70116072479
87.5 44.5 54.806685310709
88 44.5 57.065890296248
88.5 44.5 57.351874550948
89 44.5 60.342020641991
89.5 44.5 60.711148150147
90 44.5 57.682146761762
90.5 44.5 52.173176065347
91 44.5 48.306466599006
91.5 44.5 46.76825177031
92 44.5 47.001207581483
92.5 44.5 46.4837737445
93 44.5 43.630248914489
93.5 44.5 39.376954348948
94 44.5 35.628545632766
94.5 44.5 34.128320542986
95 44.5 35.984223012436
73 45 37.588869906184
73.5 45 39.548437240908
74 45 41.749748314218
74.5 45 42.612890128153
75 45 41.66391621164
75.5 45 40.546413837956
76 45 41.481001423986
76.5 45 40.682516741588
77 45 38.809473990098
77.5 45 38.06662017611
78 45 37.352275648416
78.5 45 37.109208311569
79 45 37.478770074993
79.5 45 40.37557499492
80 45 44.500114222056
80.5 45 49.011135514694
81 45 54.518963635864
81.5 45 58.208173949388
82 45 57.221275267553
82.5 45 56.913228124036
83 45 54.065935218543
83.5 45 53.675222416054
84 45 53.584630067753
84.5 45 54.422630525481
85 45 54.954526118547
85.5 45 54.871512968247
86 45 54.868042368022
86.5 45 54.762426664984
87 45 55.187549990377
87.5 45 56.440685226156
88 45 58.556168080161
88.5 45 61.617842109717
89 45 60.734263476402
89.5 45 58.673905779922
90 45 52.427189304204
90.5 45 46.052029542994
91 45 41.435866097772
91.5 45 39.149892507584
92 45 39.877455628528
92.5 45 40.690584725413
93 45 39.125807504663
93.5 45 37.513782437558
94 45 35.766695686653
94.5 45 36.094544853949
95 45 38.055380934352
