73.403	35.051	2689.2
73.406	35.466	2667.8
73.408	35.88	2662.8
73.41	36.294	2671.8
73.412	36.708	2696.9
73.414	37.122	2741.9
73.417	37.537	2802.8
73.419	37.951	2844.3
73.421	38.365	2817.8
73.424	38.779	2755.9
73.426	39.193	2686.6
73.429	39.607	2629.6
73.431	40.022	2594
73.434	40.436	2592.5
73.437	40.85	2609
73.439	41.264	2629.7
73.442	41.678	2652.4
73.445	42.093	2675.5
73.448	42.507	2699.5
73.451	42.921	2721.7
73.454	43.335	2741.9
73.457	43.749	2757.8
73.46	44.163	2769.8
73.464	44.578	2779.6
73.467	44.992	2790.2
73.906	35.051	2672.6
73.911	35.466	2648.9
73.915	35.88	2641.2
73.92	36.294	2653.2
73.925	36.708	2685.2
73.93	37.122	2734.7
73.935	37.537	2796.5
73.941	37.951	2830.7
73.946	38.365	2803.4
73.951	38.779	2752
73.957	39.193	2698.1
73.963	39.607	2654.8
73.969	40.022	2628.9
73.974	40.436	2618.8
73.981	40.85	2627.1
73.987	41.264	2638.9
73.993	41.678	2652.2
74	42.093	2670.2
74.006	42.507	2698.3
74.013	42.921	2727.7
74.02	43.335	2755
74.027	43.749	2773.5
74.034	44.163	2782.2
74.041	44.578	2784.5
74.049	44.992	2786.5
74.409	35.051	2667.2
74.416	35.466	2637.5
74.423	35.88	2625.4
74.431	36.294	2636.5
74.438	36.708	2665
74.446	37.122	2705
74.454	37.537	2748.4
74.462	37.951	2754.1
74.471	38.365	2727
74.479	38.779	2688.7
74.488	39.193	2655.4
74.497	39.607	2634.1
74.506	40.022	2620.1
74.515	40.436	2615.7
74.524	40.85	2625.2
74.534	41.264	2636.2
74.544	41.678	2652.2
74.554	42.093	2676.3
74.564	42.507	2706.5
74.575	42.921	2746.1
74.585	43.335	2778.4
74.596	43.749	2792.3
74.607	44.163	2792
74.619	44.578	2783.7
74.631	44.992	2775
74.911	35.051	2673.3
74.921	35.466	2636.3
74.931	35.88	2621.8
74.941	36.294	2630.5
74.952	36.708	2648.9
74.962	37.122	2666.3
74.973	37.537	2677.4
74.984	37.951	2651.8
74.995	38.365	2624.6
75.007	38.779	2599.5
75.019	39.193	2584.8
75.031	39.607	2580.7
75.043	40.022	2580.4
75.056	40.436	2589.1
75.068	40.85	2606
75.081	41.264	2625.9
75.095	41.678	2651.5
75.108	42.093	2686.2
75.122	42.507	2731.4
75.137	42.921	2783.4
75.151	43.335	2811.8
75.166	43.749	2816.5
75.181	44.163	2802.2
75.196	44.578	2779.7
75.212	44.992	2758.5
75.414	35.051	2695
75.426	35.466	2654.7
75.439	35.88	2638
75.452	36.294	2634.8
75.465	36.708	2635.2
75.478	37.122	2630.8
75.492	37.537	2608.2
75.506	37.951	2565.4
75.52	38.365	2537.6
75.535	38.779	2522
75.55	39.193	2516.6
75.565	39.607	2522.3
75.58	40.022	2542.4
75.596	40.436	2560.5
75.612	40.85	2586
75.629	41.264	2614.2
75.646	41.678	2650.6
75.663	42.093	2694.8
75.68	42.507	2754.2
75.698	42.921	2811.9
75.717	43.335	2835.8
75.735	43.749	2829.4
75.755	44.163	2800.9
75.774	44.578	2766.9
75.794	44.992	2739.4
75.916	35.051	2710.5
75.931	35.466	2675.7
75.946	35.88	2655.8
75.962	36.294	2642.2
75.978	36.708	2625.3
75.994	37.122	2595.8
76.011	37.537	2551.3
76.028	37.951	2503.6
76.045	38.365	2479.1
76.062	38.779	2467.6
76.08	39.193	2469.4
76.099	39.607	2486.6
76.118	40.022	2520.5
76.137	40.436	2546.8
76.156	40.85	2577.5
76.176	41.264	2612.5
76.196	41.678	2651.8
76.217	42.093	2697.5
76.238	42.507	2762.1
76.26	42.921	2816.3
76.282	43.335	2832.7
76.305	43.749	2817.5
76.328	44.163	2784
76.352	44.578	2748.4
76.376	44.992	2723.5
76.419	35.051	2726.4
76.436	35.466	2696.2
76.454	35.88	2672.8
76.473	36.294	2650.2
76.491	36.708	2617.7
76.51	37.122	2570.5
76.53	37.537	2513
76.549	37.951	2469
76.57	38.365	2442.5
76.59	38.779	2436.5
76.611	39.193	2450
76.633	39.607	2479.7
76.655	40.022	2525.5
76.677	40.436	2557.8
76.7	40.85	2586
76.723	41.264	2617.1
76.747	41.678	2649.2
76.772	42.093	2691.9
76.797	42.507	2759.2
76.822	42.921	2799.6
76.848	43.335	2807.6
76.874	43.749	2790.6
76.902	44.163	2761.9
76.929	44.578	2728.2
76.958	44.992	2708.9
76.921	35.051	2735.5
76.942	35.466	2717.3
76.962	35.88	2696.3
76.983	36.294	2661.4
77.004	36.708	2610.4
77.026	37.122	2547.4
77.048	37.537	2479.8
77.071	37.951	2439.2
77.094	38.365	2422
77.118	38.779	2428.6
77.142	39.193	2452.4
77.167	39.607	2492.6
77.192	40.022	2545.2
77.218	40.436	2578.7
77.244	40.85	2601.2
77.271	41.264	2622.7
77.298	41.678	2650.2
77.326	42.093	2690.1
77.355	42.507	2760.6
77.384	42.921	2780.6
77.414	43.335	2777.7
77.444	43.749	2763.9
77.475	44.163	2742.6
77.507	44.578	2713.4
77.539	44.992	2696.5
77.424	35.051	2734.5
77.447	35.466	2728.3
77.47	35.88	2711
77.493	36.294	2669.9
77.518	36.708	2606.3
77.542	37.122	2529.3
77.567	37.537	2456.3
77.593	37.951	2420.9
77.619	38.365	2410.1
77.646	38.779	2426.1
77.673	39.193	2462.2
77.701	39.607	2515.5
77.729	40.022	2577.8
77.758	40.436	2610.1
77.788	40.85	2621.2
77.818	41.264	2632.4
77.849	41.678	2653.3
77.881	42.093	2705.1
77.913	42.507	2764
77.946	42.921	2764.8
77.979	43.335	2751.8
78.014	43.749	2738.6
78.049	44.163	2721
78.084	44.578	2697.9
78.121	44.992	2683.4
77.927	35.051	2725.9
77.952	35.466	2732.9
77.978	35.88	2719.8
78.004	36.294	2670.6
78.031	36.708	2594.6
78.058	37.122	2510.3
78.086	37.537	2441.2
78.115	37.951	2407.8
78.144	38.365	2408.8
78.173	38.779	2435.9
78.204	39.193	2486.1
78.235	39.607	2556.4
78.266	40.022	2623.7
78.299	40.436	2651.1
78.332	40.85	2652.6
78.365	41.264	2655.7
78.4	41.678	2679.5
78.435	42.093	2734.7
78.471	42.507	2769
78.507	42.921	2748
78.545	43.335	2722.2
78.583	43.749	2702
78.622	44.163	2685.8
78.662	44.578	2672
78.703	44.992	2663.1
78.429	35.051	2718.1
78.457	35.466	2737.8
78.485	35.88	2728.4
78.514	36.294	2672.5
78.544	36.708	2586.5
78.574	37.122	2496.9
78.605	37.537	2430.7
78.636	37.951	2402.9
78.668	38.365	2412.9
78.701	38.779	2451.2
78.735	39.193	2518.7
78.769	39.607	2606.8
78.804	40.022	2669.5
78.839	40.436	2690.2
78.876	40.85	2682.3
78.913	41.264	2681.7
78.951	41.678	2710.1
78.989	42.093	2753
79.029	42.507	2762
79.069	42.921	2728.4
79.111	43.335	2690.9
79.153	43.749	2663.1
79.196	44.163	2647.1
79.24	44.578	2641.2
79.285	44.992	2639.2
78.932	35.051	2714.8
78.962	35.466	2744
78.993	35.88	2731.3
79.025	36.294	2666.3
79.057	36.708	2573.5
79.09	37.122	2483.1
79.124	37.537	2423.8
79.158	37.951	2402.4
79.193	38.365	2420.7
79.229	38.779	2470.5
79.266	39.193	2555.5
79.303	39.607	2648.9
79.341	40.022	2688
79.38	40.436	2693.7
79.42	40.85	2689.3
79.46	41.264	2699.5
79.502	41.678	2726.1
79.544	42.093	2749.6
79.587	42.507	2739.2
79.631	42.921	2699.5
79.676	43.335	2658
79.722	43.749	2628
79.769	44.163	2614.7
79.817	44.578	2617.6
79.866	44.992	2624.9
79.434	35.051	2694.4
79.467	35.466	2725.4
79.501	35.88	2714.2
79.535	36.294	2648.2
79.57	36.708	2555.3
79.606	37.122	2472.7
79.643	37.537	2422.4
79.68	37.951	2407.6
79.718	38.365	2431
79.757	38.779	2491
79.796	39.193	2580.3
79.837	39.607	2649.8
79.878	40.022	2656.9
79.92	40.436	2647.1
79.963	40.85	2648.4
80.007	41.264	2665.7
80.052	41.678	2688.4
80.098	42.093	2701.8
80.145	42.507	2691.1
80.193	42.921	2664.2
80.242	43.335	2627.4
80.292	43.749	2604.6
80.343	44.163	2597.6
80.395	44.578	2605
80.448	44.992	2618.5
79.937	35.051	2657.7
79.972	35.466	2689
80.009	35.88	2684.1
80.046	36.294	2621.7
80.083	36.708	2539.8
80.122	37.122	2467.8
80.161	37.537	2422
80.202	37.951	2414.2
80.243	38.365	2441.7
80.285	38.779	2500.3
80.327	39.193	2568.9
80.371	39.607	2604.1
80.415	40.022	2589.9
80.461	40.436	2574
80.507	40.85	2576.6
80.555	41.264	2597.2
80.603	41.678	2621.3
80.653	42.093	2635.7
80.703	42.507	2640.4
80.755	42.921	2640.6
80.807	43.335	2626.5
80.861	43.749	2611.6
80.916	44.163	2600.5
80.972	44.578	2609.5
81.03	44.992	2632.4
80.439	35.051	2614.5
80.478	35.466	2644.3
80.516	35.88	2646.6
80.556	36.294	2596.5
80.597	36.708	2525.1
80.638	37.122	2460.3
80.68	37.537	2423.3
80.723	37.951	2422.5
80.767	38.365	2448.1
80.812	38.779	2493
80.858	39.193	2532.7
80.905	39.607	2539.7
80.953	40.022	2518
81.001	40.436	2504.4
81.051	40.85	2509.2
81.102	41.264	2532.7
81.154	41.678	2559.1
81.207	42.093	2581.5
81.261	42.507	2607.7
81.317	42.921	2650.8
81.373	43.335	2669.9
81.431	43.749	2661.3
81.49	44.163	2638.3
81.55	44.578	2638.5
81.612	44.992	2661.9
80.942	35.051	2592.1
80.983	35.466	2611.2
81.024	35.88	2614.4
81.067	36.294	2572.8
81.11	36.708	2510.2
81.154	37.122	2455.5
81.199	37.537	2430
81.245	37.951	2433.8
81.292	38.365	2453
81.34	38.779	2478.9
81.389	39.193	2491.3
81.439	39.607	2482
81.49	40.022	2459.7
81.542	40.436	2453.2
81.595	40.85	2462
81.649	41.264	2483.9
81.705	41.678	2508.6
81.762	42.093	2540
81.819	42.507	2591.2
81.878	42.921	2682.8
81.939	43.335	2742
82	43.749	2726.3
82.063	44.163	2672.5
82.128	44.578	2658.7
82.193	44.992	2682.9
81.445	35.051	2598.6
81.488	35.466	2598.5
81.532	35.88	2597.9
81.577	36.294	2560.4
81.623	36.708	2508.3
81.67	37.122	2464.9
81.718	37.537	2445.9
81.767	37.951	2449.2
81.817	38.365	2458.9
81.868	38.779	2465.5
81.92	39.193	2458.9
81.973	39.607	2440.7
82.027	40.022	2420.4
82.083	40.436	2419.1
82.139	40.85	2430.9
82.197	41.264	2450.8
82.256	41.678	2474
82.316	42.093	2510.4
82.377	42.507	2581.4
82.44	42.921	2696.2
82.504	43.335	2764.5
82.57	43.749	2727
82.637	44.163	2668
82.705	44.578	2659.2
82.775	44.992	2686.8
81.947	35.051	2632.3
81.993	35.466	2614.6
82.04	35.88	2606.4
82.087	36.294	2574.4
82.136	36.708	2527.8
82.186	37.122	2489.6
82.237	37.537	2469.9
82.289	37.951	2466.9
82.342	38.365	2464.2
82.396	38.779	2454
82.451	39.193	2435.2
82.507	39.607	2414.1
82.564	40.022	2397
82.623	40.436	2399.1
82.683	40.85	2413.4
82.744	41.264	2430
82.807	41.678	2449.7
82.87	42.093	2492.9
82.936	42.507	2569.9
83.002	42.921	2662.5
83.07	43.335	2693.9
83.139	43.749	2655.3
83.21	44.163	2623.3
83.283	44.578	2628.9
83.357	44.992	2651.8
82.45	35.051	2670.1
82.498	35.466	2654.3
82.548	35.88	2641.5
82.598	36.294	2603.8
82.649	36.708	2557.6
82.702	37.122	2519.3
82.756	37.537	2495.1
82.81	37.951	2481.9
82.866	38.365	2465.3
82.923	38.779	2442
82.982	39.193	2415.9
83.041	39.607	2393.9
83.102	40.022	2384.2
83.164	40.436	2391.8
83.227	40.85	2408.2
83.291	41.264	2420.2
83.357	41.678	2440.3
83.425	42.093	2488
83.494	42.507	2564.6
83.564	42.921	2619.3
83.636	43.335	2617
83.709	43.749	2584.8
83.784	44.163	2563.2
83.86	44.578	2569.9
83.939	44.992	2578
82.952	35.051	2697.5
83.003	35.466	2687.9
83.055	35.88	2676.6
83.108	36.294	2637
83.163	36.708	2587.8
83.218	37.122	2544.3
83.274	37.537	2511.5
83.332	37.951	2485.2
83.391	38.365	2456.1
83.451	38.779	2424.1
83.512	39.193	2397.7
83.575	39.607	2383.7
83.639	40.022	2380.7
83.704	40.436	2391.3
83.771	40.85	2404
83.839	41.264	2417.8
83.908	41.678	2448.7
83.979	42.093	2506.4
84.052	42.507	2574.7
84.126	42.921	2592.5
84.201	43.335	2570.2
84.278	43.749	2534.1
84.357	44.163	2514.8
84.438	44.578	2503.5
84.52	44.992	2492.5
83.455	35.051	2707.8
83.508	35.466	2714.9
83.563	35.88	2702.5
83.619	36.294	2659.8
83.676	36.708	2605.4
83.734	37.122	2558
83.793	37.537	2515.9
83.854	37.951	2481.6
83.916	38.365	2446.5
83.979	38.779	2411.2
84.043	39.193	2385.6
84.109	39.607	2375.4
84.176	40.022	2375.9
84.245	40.436	2386.8
84.315	40.85	2404.7
84.386	41.264	2426.9
84.459	41.678	2466.7
84.534	42.093	2530.4
84.61	42.507	2593.9
84.688	42.921	2583.4
84.767	43.335	2539.3
84.848	43.749	2491.5
84.931	44.163	2459.4
85.016	44.578	2437.1
85.102	44.992	2426.7
83.957	35.051	2708.6
84.014	35.466	2729.1
84.071	35.88	2713.4
84.129	36.294	2664.9
84.189	36.708	2610.5
84.25	37.122	2561.8
84.312	37.537	2514.6
84.376	37.951	2476.5
84.44	38.365	2438.3
84.507	38.779	2404.6
84.574	39.193	2384.9
84.643	39.607	2378.3
84.713	40.022	2376.8
84.785	40.436	2388.4
84.859	40.85	2412.1
84.933	41.264	2446.7
85.01	41.678	2504.6
85.088	42.093	2577.3
85.168	42.507	2617.1
85.249	42.921	2567.6
85.333	43.335	2504.2
85.418	43.749	2452.3
85.504	44.163	2411.7
85.593	44.578	2388.7
85.684	44.992	2385.4
84.46	35.051	2705.5
84.519	35.466	2723
84.579	35.88	2704.4
84.64	36.294	2660.8
84.702	36.708	2613.1
84.766	37.122	2567.6
84.831	37.537	2513.6
84.897	37.951	2473.5
84.965	38.365	2437.2
85.034	38.779	2409.5
85.105	39.193	2392.5
85.177	39.607	2383.4
85.251	40.022	2379
85.326	40.436	2399
85.402	40.85	2434.5
85.481	41.264	2484.1
85.561	41.678	2553.6
85.643	42.093	2625.8
85.726	42.507	2628.7
85.811	42.921	2548.8
85.898	43.335	2478.5
85.987	43.749	2418
86.078	44.163	2372.3
86.171	44.578	2351.9
86.266	44.992	2363.7
84.963	35.051	2705.8
85.024	35.466	2718.1
85.086	35.88	2701.9
85.15	36.294	2663.9
85.215	36.708	2624.5
85.282	37.122	2579.4
85.35	37.537	2519.5
85.419	37.951	2476.2
85.49	38.365	2441.3
85.562	38.779	2416.2
85.636	39.193	2402.8
85.711	39.607	2393.2
85.788	40.022	2390.2
85.866	40.436	2424.9
85.946	40.85	2474.7
86.028	41.264	2539.4
86.112	41.678	2616.9
86.197	42.093	2666.7
86.284	42.507	2628.3
86.373	42.921	2537.3
86.464	43.335	2463.3
86.557	43.749	2397.3
86.651	44.163	2349.1
86.748	44.578	2336.3
86.847	44.992	2367.8
85.465	35.051	2701.6
85.529	35.466	2709.2
85.594	35.88	2692.2
85.661	36.294	2664.3
85.729	36.708	2632.6
85.798	37.122	2584.9
85.869	37.537	2523.3
85.941	37.951	2475.8
86.015	38.365	2444.2
86.09	38.779	2428.4
86.167	39.193	2422.2
86.245	39.607	2419.6
86.325	40.022	2429.3
86.407	40.436	2478.4
86.49	40.85	2540.3
86.575	41.264	2607.8
86.662	41.678	2669.2
86.751	42.093	2691.8
86.842	42.507	2637.4
86.935	42.921	2552.3
87.029	43.335	2474
87.126	43.749	2403.5
87.225	44.163	2358.5
87.326	44.578	2357.2
87.429	44.992	2400.8
85.968	35.051	2663.7
86.034	35.466	2674.4
86.102	35.88	2666.9
86.171	36.294	2654.2
86.242	36.708	2634.2
86.314	37.122	2580
86.387	37.537	2514
86.463	37.951	2466.7
86.539	38.365	2447.2
86.618	38.779	2449.1
86.697	39.193	2456.9
86.779	39.607	2463.6
86.862	40.022	2485.4
86.947	40.436	2545.9
87.034	40.85	2614.8
87.123	41.264	2671.8
87.213	41.678	2707.1
87.306	42.093	2706
87.4	42.507	2668
87.497	42.921	2593.6
87.595	43.335	2507.8
87.696	43.749	2439.5
87.799	44.163	2397.3
87.904	44.578	2403.2
88.011	44.992	2459.5
86.47	35.051	2616.5
86.539	35.466	2633.1
86.61	35.88	2642.4
86.682	36.294	2648.2
86.755	36.708	2624.8
86.83	37.122	2563.6
86.906	37.537	2505.4
86.984	37.951	2476.9
87.064	38.365	2469.6
87.145	38.779	2482.6
87.228	39.193	2496.5
87.313	39.607	2513.6
87.4	40.022	2547.8
87.488	40.436	2611.7
87.578	40.85	2658.6
87.67	41.264	2687.1
87.764	41.678	2703.1
87.86	42.093	2703.1
87.958	42.507	2678.5
88.058	42.921	2606.1
88.161	43.335	2535.7
88.265	43.749	2488.8
88.372	44.163	2464.4
88.481	44.578	2476.7
88.593	44.992	2532.6
86.973	35.051	2588.1
87.044	35.466	2607.1
87.117	35.88	2628.2
87.192	36.294	2638.6
87.268	36.708	2609.1
87.346	37.122	2554.1
87.425	37.537	2510.8
87.506	37.951	2494.1
87.589	38.365	2502
87.673	38.779	2520.1
87.759	39.193	2538.7
87.847	39.607	2561.9
87.937	40.022	2600.6
88.028	40.436	2651.4
88.122	40.85	2669.2
88.217	41.264	2677.6
88.315	41.678	2682
88.415	42.093	2670.2
88.516	42.507	2643.6
88.62	42.921	2599.1
88.726	43.335	2569.7
88.835	43.749	2543.5
88.946	44.163	2540.4
89.059	44.578	2561.6
89.174	44.992	2617.8
87.475	35.051	2582.1
87.55	35.466	2607
87.625	35.88	2630.1
87.702	36.294	2633.6
87.781	36.708	2598.5
87.862	37.122	2559.9
87.944	37.537	2530
88.028	37.951	2525.5
88.113	38.365	2536
88.201	38.779	2549.6
88.29	39.193	2567.7
88.381	39.607	2593.9
88.474	40.022	2644
88.569	40.436	2678.6
88.666	40.85	2676.5
88.765	41.264	2670.6
88.866	41.678	2653.9
88.969	42.093	2627.1
89.074	42.507	2605.9
89.182	42.921	2585.9
89.292	43.335	2578.4
89.404	43.749	2582.9
89.519	44.163	2605.4
89.636	44.578	2630.4
89.756	44.992	2686
87.978	35.051	2599.6
88.055	35.466	2630.8
88.133	35.88	2643.4
88.213	36.294	2630.5
88.295	36.708	2597
88.378	37.122	2574.3
88.463	37.537	2557.8
88.55	37.951	2554.4
88.638	38.365	2555.4
88.729	38.779	2566.5
88.821	39.193	2581.7
88.915	39.607	2627.2
89.011	40.022	2698.8
89.11	40.436	2726
89.21	40.85	2708.9
89.312	41.264	2676.6
89.417	41.678	2629.5
89.523	42.093	2586.6
89.633	42.507	2580
89.744	42.921	2572.2
89.858	43.335	2584.1
89.974	43.749	2617.2
90.093	44.163	2652.9
90.214	44.578	2672.7
90.338	44.992	2726.9
88.48	35.051	2635.1
88.56	35.466	2663.4
88.641	35.88	2655
88.723	36.294	2622.1
88.808	36.708	2595.7
88.894	37.122	2586.7
88.982	37.537	2581.6
89.071	37.951	2575.7
89.163	38.365	2571.5
89.256	38.779	2581.5
89.352	39.193	2615
89.449	39.607	2692.1
89.549	40.022	2799.7
89.65	40.436	2796.8
89.754	40.85	2750
89.86	41.264	2682.5
89.968	41.678	2618.5
90.078	42.093	2591.5
90.191	42.507	2589.4
90.306	42.921	2582.2
90.423	43.335	2612
90.543	43.749	2662.6
90.666	44.163	2688.1
90.792	44.578	2703.3
90.92	44.992	2732.2
88.983	35.051	2671.9
89.065	35.466	2685.8
89.149	35.88	2649.5
89.234	36.294	2612
89.321	36.708	2596.8
89.41	37.122	2602.6
89.5	37.537	2606.7
89.593	37.951	2595.9
89.688	38.365	2596.2
89.784	38.779	2608
89.883	39.193	2664.9
89.983	39.607	2780.5
90.086	40.022	2886.9
90.191	40.436	2846.5
90.298	40.85	2769.3
90.407	41.264	2694.4
90.518	41.678	2652.5
90.632	42.093	2641.8
90.749	42.507	2625.1
90.868	42.921	2623.5
90.989	43.335	2662.9
91.113	43.749	2695.8
91.24	44.163	2703.6
91.369	44.578	2707
91.501	44.992	2700.6
89.486	35.051	2699.3
89.57	35.466	2693.9
89.656	35.88	2643.8
89.744	36.294	2611.1
89.834	36.708	2610.2
89.926	37.122	2632.6
90.019	37.537	2644.3
90.115	37.951	2617.1
90.212	38.365	2602.4
90.312	38.779	2629.3
90.413	39.193	2724.3
90.517	39.607	2847.8
90.623	40.022	2900.9
90.731	40.436	2848
90.841	40.85	2768.2
90.954	41.264	2717.9
91.069	41.678	2704.5
91.187	42.093	2701.6
91.307	42.507	2668.2
91.429	42.921	2674.6
91.555	43.335	2702.2
91.683	43.749	2702.8
91.813	44.163	2680.4
91.947	44.578	2665.7
92.083	44.992	2687.8
89.988	35.051	2721
90.075	35.466	2694.7
90.164	35.88	2640.2
90.255	36.294	2614.3
90.347	36.708	2627.7
90.442	37.122	2654.7
90.538	37.537	2643.5
90.637	37.951	2595.9
90.737	38.365	2591.5
90.84	38.779	2654.8
90.944	39.193	2776.5
91.051	39.607	2875.3
91.16	40.022	2875.9
91.272	40.436	2810.7
91.385	40.85	2751.5
91.502	41.264	2744.9
91.62	41.678	2755.3
91.741	42.093	2734.8
91.865	42.507	2692.5
91.991	42.921	2710.1
92.12	43.335	2703.1
92.252	43.749	2661.9
92.387	44.163	2627.4
92.524	44.578	2635.8
92.665	44.992	2700.9
90.491	35.051	2717.5
90.58	35.466	2677.8
90.672	35.88	2626.6
90.765	36.294	2612
90.86	36.708	2634.2
90.958	37.122	2654.1
91.057	37.537	2615.7
91.158	37.951	2564.9
91.262	38.365	2586.8
91.367	38.779	2683.1
91.475	39.193	2807.6
91.585	39.607	2867.4
91.697	40.022	2821.6
91.812	40.436	2749.6
91.929	40.85	2725.5
92.049	41.264	2756.9
92.171	41.678	2771.3
92.296	42.093	2727.6
92.423	42.507	2683.6
92.553	42.921	2702.4
92.686	43.335	2656.7
92.822	43.749	2611.2
92.96	44.163	2597.6
93.102	44.578	2644.6
93.247	44.992	2720.6
90.993	35.051	2685.3
91.086	35.466	2648.3
91.18	35.88	2605.2
91.276	36.294	2605.2
91.374	36.708	2637
91.474	37.122	2647.2
91.576	37.537	2596.7
91.68	37.951	2548.3
91.786	38.365	2586.7
91.895	38.779	2700.6
92.006	39.193	2808.5
92.119	39.607	2825.2
92.235	40.022	2755
92.353	40.436	2697.9
92.473	40.85	2720
92.596	41.264	2770.2
92.722	41.678	2759.8
92.85	42.093	2698.3
92.981	42.507	2658.7
93.115	42.921	2656
93.252	43.335	2619
93.391	43.749	2603
93.534	44.163	2616.1
93.679	44.578	2679.8
93.828	44.992	2737.3
91.496	35.051	2636.1
91.591	35.466	2613.9
91.687	35.88	2589
91.786	36.294	2609.2
91.887	36.708	2646.9
91.99	37.122	2645.3
92.095	37.537	2573.4
92.202	37.951	2532
92.311	38.365	2582.8
92.423	38.779	2697.3
92.537	39.193	2776.8
92.653	39.607	2773.7
92.772	40.022	2713.4
92.893	40.436	2691.7
93.017	40.85	2755.4
93.144	41.264	2782.3
93.273	41.678	2733
93.404	42.093	2672.4
93.539	42.507	2640
93.677	42.921	2634.6
93.817	43.335	2636.1
93.961	43.749	2637.8
94.107	44.163	2661.1
94.257	44.578	2721
94.41	44.992	2748.2
91.998	35.051	2596.6
92.096	35.466	2594.4
92.195	35.88	2589.8
92.297	36.294	2614.3
92.4	36.708	2628.9
92.506	37.122	2591.1
92.614	37.537	2523.2
92.724	37.951	2504.8
92.836	38.365	2565.5
92.951	38.779	2666.4
93.068	39.193	2732.9
93.187	39.607	2733.9
93.309	40.022	2698.7
93.434	40.436	2730.4
93.561	40.85	2788.7
93.691	41.264	2771.7
93.823	41.678	2720.6
93.959	42.093	2688.8
94.097	42.507	2660.7
94.238	42.921	2676
94.383	43.335	2694.1
94.53	43.749	2691.2
94.681	44.163	2706.9
94.835	44.578	2754.1
94.992	44.992	2739.4
92.501	35.051	2595.1
92.601	35.466	2603.2
92.703	35.88	2597.8
92.807	36.294	2602.3
92.913	36.708	2575.2
93.022	37.122	2513.3
93.132	37.537	2464.7
93.245	37.951	2474.4
93.361	38.365	2546
93.478	38.779	2637.9
93.599	39.193	2704.4
93.721	39.607	2712.6
93.846	40.022	2723.5
93.974	40.436	2782.9
94.105	40.85	2803.9
94.238	41.264	2771.8
94.374	41.678	2758.9
94.513	42.093	2762
94.655	42.507	2723.7
94.8	42.921	2762.6
94.948	43.335	2766.7
93.004	35.051	2636.4
93.106	35.466	2634.1
93.211	35.88	2606.9
93.317	36.294	2575.9
93.426	36.708	2513.6
93.538	37.122	2450.4
93.651	37.537	2430.7
93.767	37.951	2469
93.885	38.365	2556.3
94.006	38.779	2652
94.129	39.193	2705
94.255	39.607	2717.6
94.384	40.022	2772.8
94.515	40.436	2826.2
94.649	40.85	2809.1
94.786	41.264	2788.9
94.925	41.678	2815.6
93.506	35.051	2676.4
93.611	35.466	2664.3
93.718	35.88	2608.9
93.828	36.294	2543.6
93.94	36.708	2475.4
94.054	37.122	2428.6
94.17	37.537	2436.6
94.289	37.951	2504.4
94.41	38.365	2605.1
94.534	38.779	2678
94.66	39.193	2703.7
94.789	39.607	2752.8
94.921	40.022	2814.9
94.009	35.051	2704
94.116	35.466	2691.3
94.226	35.88	2621.8
94.338	36.294	2550
94.453	36.708	2473.8
94.57	37.122	2445
94.689	37.537	2482.4
94.811	37.951	2581.7
94.935	38.365	2658.4
94.511	35.051	2753.4
94.622	35.466	2746
94.734	35.88	2675.1
94.849	36.294	2581.2
94.966	36.708	2499.6
