73.403	35.051
73.406	35.466
73.408	35.88
73.41	36.294
73.412	36.708
73.414	37.122
73.417	37.537
73.419	37.951
73.421	38.365
73.424	38.779
73.426	39.193
73.429	39.607
73.431	40.022
73.434	40.436
73.437	40.85
73.439	41.264
73.442	41.678
73.445	42.093
73.448	42.507
73.451	42.921
73.454	43.335
73.457	43.749
73.46	44.163
73.464	44.578
73.467	44.992
73.906	35.051
73.911	35.466
73.915	35.88
73.92	36.294
73.925	36.708
73.93	37.122
73.935	37.537
73.941	37.951
73.946	38.365
73.951	38.779
73.957	39.193
73.963	39.607
73.969	40.022
73.974	40.436
73.981	40.85
73.987	41.264
73.993	41.678
74	42.093
74.006	42.507
74.013	42.921
74.02	43.335
74.027	43.749
74.034	44.163
74.041	44.578
74.049	44.992
74.409	35.051
74.416	35.466
74.423	35.88
74.431	36.294
74.438	36.708
74.446	37.122
74.454	37.537
74.462	37.951
74.471	38.365
74.479	38.779
74.488	39.193
74.497	39.607
74.506	40.022
74.515	40.436
74.524	40.85
74.534	41.264
74.544	41.678
74.554	42.093
74.564	42.507
74.575	42.921
74.585	43.335
74.596	43.749
74.607	44.163
74.619	44.578
74.631	44.992
74.911	35.051
74.921	35.466
74.931	35.88
74.941	36.294
74.952	36.708
74.962	37.122
74.973	37.537
74.984	37.951
74.995	38.365
75.007	38.779
75.019	39.193
75.031	39.607
75.043	40.022
75.056	40.436
75.068	40.85
75.081	41.264
75.095	41.678
75.108	42.093
75.122	42.507
75.137	42.921
75.151	43.335
75.166	43.749
75.181	44.163
75.196	44.578
75.212	44.992
75.414	35.051
75.426	35.466
75.439	35.88
75.452	36.294
75.465	36.708
75.478	37.122
75.492	37.537
75.506	37.951
75.52	38.365
75.535	38.779
75.55	39.193
75.565	39.607
75.58	40.022
75.596	40.436
75.612	40.85
75.629	41.264
75.646	41.678
75.663	42.093
75.68	42.507
75.698	42.921
75.717	43.335
75.735	43.749
75.755	44.163
75.774	44.578
75.794	44.992
75.916	35.051
75.931	35.466
75.946	35.88
75.962	36.294
75.978	36.708
75.994	37.122
76.011	37.537
76.028	37.951
76.045	38.365
76.062	38.779
76.08	39.193
76.099	39.607
76.118	40.022
76.137	40.436
76.156	40.85
76.176	41.264
76.196	41.678
76.217	42.093
76.238	42.507
76.26	42.921
76.282	43.335
76.305	43.749
76.328	44.163
76.352	44.578
76.376	44.992
76.419	35.051
76.436	35.466
76.454	35.88
76.473	36.294
76.491	36.708
76.51	37.122
76.53	37.537
76.549	37.951
76.57	38.365
76.59	38.779
76.611	39.193
76.633	39.607
76.655	40.022
76.677	40.436
76.7	40.85
76.723	41.264
76.747	41.678
76.772	42.093
76.797	42.507
76.822	42.921
76.848	43.335
76.874	43.749
76.902	44.163
76.929	44.578
76.958	44.992
76.921	35.051
76.942	35.466
76.962	35.88
76.983	36.294
77.004	36.708
77.026	37.122
77.048	37.537
77.071	37.951
77.094	38.365
77.118	38.779
77.142	39.193
77.167	39.607
77.192	40.022
77.218	40.436
77.244	40.85
77.271	41.264
77.298	41.678
77.326	42.093
77.355	42.507
77.384	42.921
77.414	43.335
77.444	43.749
77.475	44.163
77.507	44.578
77.539	44.992
77.424	35.051
77.447	35.466
77.47	35.88
77.493	36.294
77.518	36.708
77.542	37.122
77.567	37.537
77.593	37.951
77.619	38.365
77.646	38.779
77.673	39.193
77.701	39.607
77.729	40.022
77.758	40.436
77.788	40.85
77.818	41.264
77.849	41.678
77.881	42.093
77.913	42.507
77.946	42.921
77.979	43.335
78.014	43.749
78.049	44.163
78.084	44.578
78.121	44.992
77.927	35.051
77.952	35.466
77.978	35.88
78.004	36.294
78.031	36.708
78.058	37.122
78.086	37.537
78.115	37.951
78.144	38.365
78.173	38.779
78.204	39.193
78.235	39.607
78.266	40.022
78.299	40.436
78.332	40.85
78.365	41.264
78.4	41.678
78.435	42.093
78.471	42.507
78.507	42.921
78.545	43.335
78.583	43.749
78.622	44.163
78.662	44.578
78.703	44.992
78.429	35.051
78.457	35.466
78.485	35.88
78.514	36.294
78.544	36.708
78.574	37.122
78.605	37.537
78.636	37.951
78.668	38.365
78.701	38.779
78.735	39.193
78.769	39.607
78.804	40.022
78.839	40.436
78.876	40.85
78.913	41.264
78.951	41.678
78.989	42.093
79.029	42.507
79.069	42.921
79.111	43.335
79.153	43.749
79.196	44.163
79.24	44.578
79.285	44.992
78.932	35.051
78.962	35.466
78.993	35.88
79.025	36.294
79.057	36.708
79.09	37.122
79.124	37.537
79.158	37.951
79.193	38.365
79.229	38.779
79.266	39.193
79.303	39.607
79.341	40.022
79.38	40.436
79.42	40.85
79.46	41.264
79.502	41.678
79.544	42.093
79.587	42.507
79.631	42.921
79.676	43.335
79.722	43.749
79.769	44.163
79.817	44.578
79.866	44.992
79.434	35.051
79.467	35.466
79.501	35.88
79.535	36.294
79.57	36.708
79.606	37.122
79.643	37.537
79.68	37.951
79.718	38.365
79.757	38.779
79.796	39.193
79.837	39.607
79.878	40.022
79.92	40.436
79.963	40.85
80.007	41.264
80.052	41.678
80.098	42.093
80.145	42.507
80.193	42.921
80.242	43.335
80.292	43.749
80.343	44.163
80.395	44.578
80.448	44.992
79.937	35.051
79.972	35.466
80.009	35.88
80.046	36.294
80.083	36.708
80.122	37.122
80.161	37.537
80.202	37.951
80.243	38.365
80.285	38.779
80.327	39.193
80.371	39.607
80.415	40.022
80.461	40.436
80.507	40.85
80.555	41.264
80.603	41.678
80.653	42.093
80.703	42.507
80.755	42.921
80.807	43.335
80.861	43.749
80.916	44.163
80.972	44.578
81.03	44.992
80.439	35.051
80.478	35.466
80.516	35.88
80.556	36.294
80.597	36.708
80.638	37.122
80.68	37.537
80.723	37.951
80.767	38.365
80.812	38.779
80.858	39.193
80.905	39.607
80.953	40.022
81.001	40.436
81.051	40.85
81.102	41.264
81.154	41.678
81.207	42.093
81.261	42.507
81.317	42.921
81.373	43.335
81.431	43.749
81.49	44.163
81.55	44.578
81.612	44.992
80.942	35.051
80.983	35.466
81.024	35.88
81.067	36.294
81.11	36.708
81.154	37.122
81.199	37.537
81.245	37.951
81.292	38.365
81.34	38.779
81.389	39.193
81.439	39.607
81.49	40.022
81.542	40.436
81.595	40.85
81.649	41.264
81.705	41.678
81.762	42.093
81.819	42.507
81.878	42.921
81.939	43.335
82	43.749
82.063	44.163
82.128	44.578
82.193	44.992
81.445	35.051
81.488	35.466
81.532	35.88
81.577	36.294
81.623	36.708
81.67	37.122
81.718	37.537
81.767	37.951
81.817	38.365
81.868	38.779
81.92	39.193
81.973	39.607
82.027	40.022
82.083	40.436
82.139	40.85
82.197	41.264
82.256	41.678
82.316	42.093
82.377	42.507
82.44	42.921
82.504	43.335
82.57	43.749
82.637	44.163
82.705	44.578
82.775	44.992
81.947	35.051
81.993	35.466
82.04	35.88
82.087	36.294
82.136	36.708
82.186	37.122
82.237	37.537
82.289	37.951
82.342	38.365
82.396	38.779
82.451	39.193
82.507	39.607
82.564	40.022
82.623	40.436
82.683	40.85
82.744	41.264
82.807	41.678
82.87	42.093
82.936	42.507
83.002	42.921
83.07	43.335
83.139	43.749
83.21	44.163
83.283	44.578
83.357	44.992
82.45	35.051
82.498	35.466
82.548	35.88
82.598	36.294
82.649	36.708
82.702	37.122
82.756	37.537
82.81	37.951
82.866	38.365
82.923	38.779
82.982	39.193
83.041	39.607
83.102	40.022
83.164	40.436
83.227	40.85
83.291	41.264
83.357	41.678
83.425	42.093
83.494	42.507
83.564	42.921
83.636	43.335
83.709	43.749
83.784	44.163
83.86	44.578
83.939	44.992
82.952	35.051
83.003	35.466
83.055	35.88
83.108	36.294
83.163	36.708
83.218	37.122
83.274	37.537
83.332	37.951
83.391	38.365
83.451	38.779
83.512	39.193
83.575	39.607
83.639	40.022
83.704	40.436
83.771	40.85
83.839	41.264
83.908	41.678
83.979	42.093
84.052	42.507
84.126	42.921
84.201	43.335
84.278	43.749
84.357	44.163
84.438	44.578
84.52	44.992
83.455	35.051
83.508	35.466
83.563	35.88
83.619	36.294
83.676	36.708
83.734	37.122
83.793	37.537
83.854	37.951
83.916	38.365
83.979	38.779
84.043	39.193
84.109	39.607
84.176	40.022
84.245	40.436
84.315	40.85
84.386	41.264
84.459	41.678
84.534	42.093
84.61	42.507
84.688	42.921
84.767	43.335
84.848	43.749
84.931	44.163
85.016	44.578
85.102	44.992
83.957	35.051
84.014	35.466
84.071	35.88
84.129	36.294
84.189	36.708
84.25	37.122
84.312	37.537
84.376	37.951
84.44	38.365
84.507	38.779
84.574	39.193
84.643	39.607
84.713	40.022
84.785	40.436
84.859	40.85
84.933	41.264
85.01	41.678
85.088	42.093
85.168	42.507
85.249	42.921
85.333	43.335
85.418	43.749
85.504	44.163
85.593	44.578
85.684	44.992
84.46	35.051
84.519	35.466
84.579	35.88
84.64	36.294
84.702	36.708
84.766	37.122
84.831	37.537
84.897	37.951
84.965	38.365
85.034	38.779
85.105	39.193
85.177	39.607
85.251	40.022
85.326	40.436
85.402	40.85
85.481	41.264
85.561	41.678
85.643	42.093
85.726	42.507
85.811	42.921
85.898	43.335
85.987	43.749
86.078	44.163
86.171	44.578
86.266	44.992
84.963	35.051
85.024	35.466
85.086	35.88
85.15	36.294
85.215	36.708
85.282	37.122
85.35	37.537
85.419	37.951
85.49	38.365
85.562	38.779
85.636	39.193
85.711	39.607
85.788	40.022
85.866	40.436
85.946	40.85
86.028	41.264
86.112	41.678
86.197	42.093
86.284	42.507
86.373	42.921
86.464	43.335
86.557	43.749
86.651	44.163
86.748	44.578
86.847	44.992
85.465	35.051
85.529	35.466
85.594	35.88
85.661	36.294
85.729	36.708
85.798	37.122
85.869	37.537
85.941	37.951
86.015	38.365
86.09	38.779
86.167	39.193
86.245	39.607
86.325	40.022
86.407	40.436
86.49	40.85
86.575	41.264
86.662	41.678
86.751	42.093
86.842	42.507
86.935	42.921
87.029	43.335
87.126	43.749
87.225	44.163
87.326	44.578
87.429	44.992
85.968	35.051
86.034	35.466
86.102	35.88
86.171	36.294
86.242	36.708
86.314	37.122
86.387	37.537
86.463	37.951
86.539	38.365
86.618	38.779
86.697	39.193
86.779	39.607
86.862	40.022
86.947	40.436
87.034	40.85
87.123	41.264
87.213	41.678
87.306	42.093
87.4	42.507
87.497	42.921
87.595	43.335
87.696	43.749
87.799	44.163
87.904	44.578
88.011	44.992
86.47	35.051
86.539	35.466
86.61	35.88
86.682	36.294
86.755	36.708
86.83	37.122
86.906	37.537
86.984	37.951
87.064	38.365
87.145	38.779
87.228	39.193
87.313	39.607
87.4	40.022
87.488	40.436
87.578	40.85
87.67	41.264
87.764	41.678
87.86	42.093
87.958	42.507
88.058	42.921
88.161	43.335
88.265	43.749
88.372	44.163
88.481	44.578
88.593	44.992
86.973	35.051
87.044	35.466
87.117	35.88
87.192	36.294
87.268	36.708
87.346	37.122
87.425	37.537
87.506	37.951
87.589	38.365
87.673	38.779
87.759	39.193
87.847	39.607
87.937	40.022
88.028	40.436
88.122	40.85
88.217	41.264
88.315	41.678
88.415	42.093
88.516	42.507
88.62	42.921
88.726	43.335
88.835	43.749
88.946	44.163
89.059	44.578
89.174	44.992
87.475	35.051
87.55	35.466
87.625	35.88
87.702	36.294
87.781	36.708
87.862	37.122
87.944	37.537
88.028	37.951
88.113	38.365
88.201	38.779
88.29	39.193
88.381	39.607
88.474	40.022
88.569	40.436
88.666	40.85
88.765	41.264
88.866	41.678
88.969	42.093
89.074	42.507
89.182	42.921
89.292	43.335
89.404	43.749
89.519	44.163
89.636	44.578
89.756	44.992
87.978	35.051
88.055	35.466
88.133	35.88
88.213	36.294
88.295	36.708
88.378	37.122
88.463	37.537
88.55	37.951
88.638	38.365
88.729	38.779
88.821	39.193
88.915	39.607
89.011	40.022
89.11	40.436
89.21	40.85
89.312	41.264
89.417	41.678
89.523	42.093
89.633	42.507
89.744	42.921
89.858	43.335
89.974	43.749
90.093	44.163
90.214	44.578
90.338	44.992
88.48	35.051
88.56	35.466
88.641	35.88
88.723	36.294
88.808	36.708
88.894	37.122
88.982	37.537
89.071	37.951
89.163	38.365
89.256	38.779
89.352	39.193
89.449	39.607
89.549	40.022
89.65	40.436
89.754	40.85
89.86	41.264
89.968	41.678
90.078	42.093
90.191	42.507
90.306	42.921
90.423	43.335
90.543	43.749
90.666	44.163
90.792	44.578
90.92	44.992
88.983	35.051
89.065	35.466
89.149	35.88
89.234	36.294
89.321	36.708
89.41	37.122
89.5	37.537
89.593	37.951
89.688	38.365
89.784	38.779
89.883	39.193
89.983	39.607
90.086	40.022
90.191	40.436
90.298	40.85
90.407	41.264
90.518	41.678
90.632	42.093
90.749	42.507
90.868	42.921
90.989	43.335
91.113	43.749
91.24	44.163
91.369	44.578
91.501	44.992
89.486	35.051
89.57	35.466
89.656	35.88
89.744	36.294
89.834	36.708
89.926	37.122
90.019	37.537
90.115	37.951
90.212	38.365
90.312	38.779
90.413	39.193
90.517	39.607
90.623	40.022
90.731	40.436
90.841	40.85
90.954	41.264
91.069	41.678
91.187	42.093
91.307	42.507
91.429	42.921
91.555	43.335
91.683	43.749
91.813	44.163
91.947	44.578
92.083	44.992
89.988	35.051
90.075	35.466
90.164	35.88
90.255	36.294
90.347	36.708
90.442	37.122
90.538	37.537
90.637	37.951
90.737	38.365
90.84	38.779
90.944	39.193
91.051	39.607
91.16	40.022
91.272	40.436
91.385	40.85
91.502	41.264
91.62	41.678
91.741	42.093
91.865	42.507
91.991	42.921
92.12	43.335
92.252	43.749
92.387	44.163
92.524	44.578
92.665	44.992
90.491	35.051
90.58	35.466
90.672	35.88
90.765	36.294
90.86	36.708
90.958	37.122
91.057	37.537
91.158	37.951
91.262	38.365
91.367	38.779
91.475	39.193
91.585	39.607
91.697	40.022
91.812	40.436
91.929	40.85
92.049	41.264
92.171	41.678
92.296	42.093
92.423	42.507
92.553	42.921
92.686	43.335
92.822	43.749
92.96	44.163
93.102	44.578
93.247	44.992
90.993	35.051
91.086	35.466
91.18	35.88
91.276	36.294
91.374	36.708
91.474	37.122
91.576	37.537
91.68	37.951
91.786	38.365
91.895	38.779
92.006	39.193
92.119	39.607
92.235	40.022
92.353	40.436
92.473	40.85
92.596	41.264
92.722	41.678
92.85	42.093
92.981	42.507
93.115	42.921
93.252	43.335
93.391	43.749
93.534	44.163
93.679	44.578
93.828	44.992
91.496	35.051
91.591	35.466
91.687	35.88
91.786	36.294
91.887	36.708
91.99	37.122
92.095	37.537
92.202	37.951
92.311	38.365
92.423	38.779
92.537	39.193
92.653	39.607
92.772	40.022
92.893	40.436
93.017	40.85
93.144	41.264
93.273	41.678
93.404	42.093
93.539	42.507
93.677	42.921
93.817	43.335
93.961	43.749
94.107	44.163
94.257	44.578
94.41	44.992
91.998	35.051
92.096	35.466
92.195	35.88
92.297	36.294
92.4	36.708
92.506	37.122
92.614	37.537
92.724	37.951
92.836	38.365
92.951	38.779
93.068	39.193
93.187	39.607
93.309	40.022
93.434	40.436
93.561	40.85
93.691	41.264
93.823	41.678
93.959	42.093
94.097	42.507
94.238	42.921
94.383	43.335
94.53	43.749
94.681	44.163
94.835	44.578
94.992	44.992
92.501	35.051
92.601	35.466
92.703	35.88
92.807	36.294
92.913	36.708
93.022	37.122
93.132	37.537
93.245	37.951
93.361	38.365
93.478	38.779
93.599	39.193
93.721	39.607
93.846	40.022
93.974	40.436
94.105	40.85
94.238	41.264
94.374	41.678
94.513	42.093
94.655	42.507
94.8	42.921
94.948	43.335
93.004	35.051
93.106	35.466
93.211	35.88
93.317	36.294
93.426	36.708
93.538	37.122
93.651	37.537
93.767	37.951
93.885	38.365
94.006	38.779
94.129	39.193
94.255	39.607
94.384	40.022
94.515	40.436
94.649	40.85
94.786	41.264
94.925	41.678
93.506	35.051
93.611	35.466
93.718	35.88
93.828	36.294
93.94	36.708
94.054	37.122
94.17	37.537
94.289	37.951
94.41	38.365
94.534	38.779
94.66	39.193
94.789	39.607
94.921	40.022
94.009	35.051
94.116	35.466
94.226	35.88
94.338	36.294
94.453	36.708
94.57	37.122
94.689	37.537
94.811	37.951
94.935	38.365
94.511	35.051
94.622	35.466
94.734	35.88
94.849	36.294
94.966	36.708
